0.87472737 -0.1430365
-0.00414231 -0.15981568
-0.26831468 0.15770133
0.21052536 -0.53280149
-0.44311983 -0.23786675
0.34484116 0.28059609
-0.65277425 -0.55973763
0.3684187 0.78731704
-0.01553754 -0.34172331
0.54781485 -0.15478832
0.36287611 0.77453582
0.31503991 0.03674662
0.36613568 -0.3212877
-0.08904659 -0.28697728
-0.10218766 -0.24324755
-0.09288766 -0.19026821
0.04448882 0.03183583
0.14817355 0.70138556
-0.67343128 0.64780929
-0.11862522 -0.6161731
-0.08620988 0.04591919
0.53377923 -0.53081722
0.1086741 0.05890975
-0.84205545 -0.59287763
0.300051 0.34778363
0.54385543 0.26691086
0.19760601 0.06143376
0.60455082 -0.42153305
-0.07094679 0.19267707
-0.78874715 0.65547182
-0.3964325 -0.03587471
-0.29968601 0.84585185
-0.54009691 -0.21602881
0.25804202 0.22769643
0.2968431 0.18525317
0.67268904 0.50797107
0.29763923 -0.34140081
0.34365617 -0.91150479
0.4395569 0.92318244
-0.5308272 -0.34224233
-0.23810724 0.41515521
-0.43167626 -0.06527073
-0.26154382 -0.12563846
0.69563736 -0.53210243
0.03587989 0.13580315
0.42933359 -0.63203684
0.55743514 0.21738849
0.43713638 0.03582605
-0.81952581 -0.32365132
0.40888478 0.01839738